0326_164430.jpg	0	0	0	0
0326_164443.jpg	0	0	0	0
0326_164454.jpg	0	0	0	0
0326_164505.jpg	0	0	0	0
0326_164516.jpg	0	0	0	0
0326_164525.jpg	0	0	0	0
0326_164534.jpg	0	0	0	0
0326_164614.jpg	0	1	1	0
0326_164638.jpg	0	1	1	0
0326_164647.jpg	0	1	1	0
0326_164700.jpg	0	1	1	0
0326_164713.jpg	0	1	1	0
0326_164724.jpg	0	1	1	0
0326_164736.jpg	0	1	1	0
0326_163929.jpg	0	2	2	1
0326_163945.jpg	0	2	2	1
0326_163952.jpg	0	2	2	1
0326_164008.jpg	0	2	2	1
0326_164020.jpg	0	2	2	1
0326_164031.jpg	0	2	2	1
0326_163648.jpg	0	3	3	1
0326_163659.jpg	0	3	3	1
0326_163725.jpg	0	3	3	1
0326_163743.jpg	0	3	3	1
0326_163752.jpg	0	3	3	1
0326_165237.jpg	0	4	4	2
0326_165252.jpg	0	4	4	2
0326_165301.jpg	0	4	4	2
0326_165313.jpg	0	4	4	2
0326_165326.jpg	0	4	4	2
0326_165334.jpg	0	4	4	2
0326_165344.jpg	0	4	4	2
0326_162433.jpg	1	0	1	0
0326_162455.jpg	1	0	1	0
0326_162509.jpg	1	0	1	0
0326_162523.jpg	1	0	1	0
0326_162533.jpg	1	0	1	0
0326_162543.jpg	1	0	1	0
0326_161357.jpg	1	1	2	0
0326_161407.jpg	1	1	2	0
0326_161429.jpg	1	1	2	0
0326_161443.jpg	1	1	2	0
0326_161453.jpg	1	1	2	0
0326_160827.jpg	1	2	3	1
0326_160843.jpg	1	2	3	1
0326_160900.jpg	1	2	3	1
0326_160912.jpg	1	2	3	1
0326_160957.jpg	1	2	3	1
0326_160513.jpg	1	3	4	1
0326_160533.jpg	1	3	4	1
0326_160554.jpg	1	3	4	1
0326_160613.jpg	1	3	4	1
0326_160629.jpg	1	3	4	1
0326_160649.jpg	1	3	4	1
0326_162922.jpg	1	4	0	2
0326_162937.jpg	1	4	0	2
0326_163044.jpg	1	4	0	2
0326_163055.jpg	1	4	0	2
0326_163107.jpg	1	4	0	2
0326_161655.jpg	2	0	2	0
0326_161712.jpg	2	0	2	0
0326_161721.jpg	2	0	2	0
0326_161737.jpg	2	0	2	0
0326_161750.jpg	2	0	2	0
0326_161814.jpg	2	0	2	0
0326_161117.jpg	2	1	3	1
0326_161129.jpg	2	1	3	1
0326_161149.jpg	2	1	3	1
0326_161208.jpg	2	1	3	1
0326_161236.jpg	2	1	3	1
0326_161255.jpg	2	1	3	1
0326_162625.jpg	2	2	4	1
0326_162635.jpg	2	2	4	1
0326_162657.jpg	2	2	4	1
0326_162710.jpg	2	2	4	1
0326_162725.jpg	2	2	4	1
0326_162743.jpg	2	2	4	1
0326_165034.jpg	2	3	0	1
0326_165055.jpg	2	3	0	1
0326_165109.jpg	2	3	0	1
0326_165119.jpg	2	3	0	1
0326_165128.jpg	2	3	0	1
0326_164145.jpg	2	4	1	2
0326_164159.jpg	2	4	1	2
0326_164209.jpg	2	4	1	2
0326_164245.jpg	2	4	1	2
0326_164254.jpg	2	4	1	2
0326_163219.jpg	3	0	3	0
0326_163246.jpg	3	0	3	0
0326_163254.jpg	3	0	3	0
0326_163309.jpg	3	0	3	0
0326_163333.jpg	3	0	3	0
0326_163347.jpg	3	0	3	0
0326_162222.jpg	3	1	4	1
0326_162245.jpg	3	1	4	1
0326_162301.jpg	3	1	4	1
0326_162329.jpg	3	1	4	1
0326_162341.jpg	3	1	4	1
0326_161939.jpg	3	2	0	0
0326_161954.jpg	3	2	0	0
0326_162006.jpg	3	2	0	0
0326_162019.jpg	3	2	0	0
0326_162037.jpg	3	2	0	0
0326_165455.jpg	3	3	1	2
0326_165526.jpg	3	3	1	2
0326_165546.jpg	3	3	1	2
0326_163456.jpg	3	4	2	2
0326_163508.jpg	3	4	2	2
0326_163536.jpg	3	4	2	2
0326_163547.jpg	3	4	2	2
0326_163555.jpg	3	4	2	2
0326_165810.jpg	4	0	4	0
0326_165822.jpg	4	0	4	0
0326_165831.jpg	4	0	4	0
0326_165841.jpg	4	0	4	0
0326_165902.jpg	4	0	4	0
0326_165914.jpg	4	0	4	0
0326_165635.jpg	4	1	0	0
0326_165645.jpg	4	1	0	0
0326_165654.jpg	4	1	0	0
0326_165710.jpg	4	1	0	0
0326_165718.jpg	4	1	0	0
0326_165738.jpg	4	1	0	0
